3419828600
3420041521
3420135255
3420160425
3420174573
3420210168
3420247074
3420314968
3420359858
2688315872
2686229544
2686231506
2680962739
2677960579
2675045471
2675009208
2675009387
2675047801
2668829893
2666057846
2652196789
2651827742
2651829522
2651829835
2651840884
2651842714
2651843105
2640645910
2640646134
2640669154
2652200595
2652200837
2631696776
2631697352
2625229591
2625229768
2619777124
2625242591
2625244617
2625245668
2591937949
2591939927
2591947224
2591950308
2591950763
2591956351
2558563889
2558564318
2516395998
2510188848
2515680488
2510192659
2502529604
2502536394
2502538550
2502538933
2502557348

2502557556
2497003917
2491429529
2497005503
2497009083
2483703282
2483336850
2483704441
2469321255
2467477280
2483705056
2483705905
2483712841
2483714552
2462054454
2462054684
2458993524
2458994437
2458997007
2450608814
2448625214
2448625552
2448627358
2448632516
2440726860
2440727459
2438246227
2434904577
2434910445
2434912062
2426835570
2426837048
2426838027
2426844362
2426845836
2426850223
2426851205
2426869292
2426833698
2394825052
2394829253
2394829716
2394831869
2394832658
2394832701
2375949470
2374300310
2374301413
2374302447
2374306182
2374307951
2363379425
2363379636
2363379890
2360266874
2360267584
2357515158
2357517314
2357517855
2357521396
2350458651
2456605194
2347958347
2347990396
2342360981
2339765264
2339766477
2339768108
2335274035
2335274676
2335275990
2335278025
2335279771
2335279471
2329570469
2327390459
2327391356
2323831686
2321722402
2321723604
2319184964
2321728078
2314417891
2314418105
2314420348
2314420573
2311665511
2311667202
2308929435
2311686018
2311687031
2311692085
2298240772
2298255848
2298256785
2298259894
2298260709
2288105726
2288106847
2288108861
2288111430
2284942409
2280879159
2284948547
2280892941
2280893169
2260639488
2260604764
2260670865
2260673578
2256405216
2256406182
2246029937
2242978055
2238885265
2238841484
2242978331
2242983307
2456578524
2235706017
2456600511
2235708308
2235708834
2235711292
2221408221
2218399017
2218403044
2218406209
2218408695
2218416668
2218419544
2218415131
2218412130
2218413062
2218414239
2752401846
2221409721
2207515618
2205313232
2205313550
2202821415
2198330751
2198333217
2191816526
2184853918
2184853980
2182949749
2180801017
2180801210
2180555431
2180559368
2116448954
2116450462
2116451047
2116451479
2114703719
2114704515
2114706204
2114707729
2114708056
2101439741
2101440943
2099533804
2099534131
2099534498
2095068972
2095069385
2095069915
2095072255
2090232340
2090232803
2087894752
2087894842
2087895373
2087895640
2087895778
2079159151
2077206777
2074511235
2074514100
2074516938
2074517067
2074517518
2070231465
2070231551
2070231754
2070232080
2018892850
2018892998
2018893202
2018902020
2018902388
2009512800
2009513230
2009513248
2007399606
2007400339
2007400453
2007400614
2007400861
2007401185
1997379409
1997379514
1995361642
1993648815
1993648966
1993649139
1993649338
1993649521
1993649872
1967106856
1967107130
1967107748
1967108159
1967108673
1967108971
1967110970
1967111254
1950483539
1950483739
1949575766
1949576825
1944340393
1944340887
1942387653
1942307167
1938687953
1938687989
1938688009
1938688186
1938688525
1938688992
1938689779
1938690058
1938690192
1938690265
1938690454
1938690496
1938690903
1938691397
1938691839
1817815753
1817815909
1800063579
1800065829
1791265404
1781642961
1781643182
1781644106
1777123124
1777123462
1777123929
1777126028
1777127830
1777128296
1753013004
1753013354
1753013933
1750298946
1741495678
1741496986
1741497348
1734542168
1734544895
1734544998
1734545308
1734545515
1721583541
1721584175
1721584285
1721584509
1721584670
1721584809
1710062199
1710066238
1710066642
1710066777
1734554325
1710068380
1710068808
1710069106
1721586537
1703305884
1703306719
1703306802
1703306912
1703308330
1703308661
1703309006
1703309599
1698853815
1698853936
1696806147
1696808194
1696809104
1696809231
1692342437
1692342694
1692342889
1690181189
1690181437
1685779825
1685781024
1684794395
1684794760
1681851486
1681773670
1681529887
1681533573
1681533685
1681533967
1681534131
1681534285
1672738437
1672738866
1672739685
1672740143
1672740325
1672740935
1672741787
1672741988
1672742058
1672742207
1672742932
1672743128
1664837183
1662744693
1662744805
1662745043
1662745168
1662750617
1662750892
1660348610
1660349272
1660349494
1660349701
1660349869
1658041350
1658042092
1658043283
1658043483
1658043614
1658043699
1658043836
1658043910
1658044153
1658044267
1658044376
1658044487
1658044705
1658044862
1658044949
1658044996
1658045275
1658046163
1643315878
1643317131
1643317825
1643317928
1643318093
1643318691
1643318992
1643320885
1643323079
1643323661
1643323757
1643323947
1643324368
1643324720
1635084352
1635090368
1611101293
1611101369
1611101492
1611101536
1611101611
1611101704
1611101817
1611102202
1603967965
1611102733
1611103002
1600852854
1600853566
1600853927
1600854242
1600854502
1598368419
1598368621
1598368702
1598369003
1598369209
1598369303
1598370313
1598370671
1598370726
1598370787
1598370864
1592283613
1592283786
1590336387
1590336498
1590336742
1590337434
1590338471
1590338840
1585552291
1585552527
1583146235
1583146729
1583147609
1583147745
1583147871
1583148058
1575041156
1575041319
1575041453
1575041606
1575041673
1570738020
1570738134
1570738354
1570738446
1568379230
1568379693
1568379904
1563525171
1563525318
1563525508
1563525759
1563526619
1563526885
1560857484
1560857941
1556822325
1556823064
1556823608
1556823909
1556824108
1556825632
1556825737
1556828297
1556828879
1556829143
1556829408
1556829546
1556829766
1547304567
1547305386
1547305580
1545498492
1545505824
1543623970
1543624389
1543624938
1541088150
1540200465
1534109330
1534109480
1532298849
1531994901
1531953504
1531571678
1531572484
1532471632
1531574400
1518267407
1518267836
1517290650
1517290883
1517290969
1517291229
1512789742
1512789916
1512790006
1512790229
1512790298
1512790469
1512790722
1512790823
1512791153
1512791380
1507038678
1507038763
1507038996
1507039200
1505410599
1505410677
1505410751
1505410896
1503518271
1503518378
1503518518
1503518578
1501517809
1501518501
1501518760
1501519030
1501519233
1497838316
1497838582
1497838985
1497235831
1497236316
1497236552
1497236777
1495377866
1495378198
1495378340
1495378556
1495378754
1495378935
1495379296
1491978466
1491978557
1491571293
1491571745
1490079415
1490050687
1490050800

53e8eb659c25108e021a8816a50bad750525db7d
8ddf4923487af2525e022ac38d04173eb97c4271

http://www.strava.com/oauth/authorize?client_id=47535&response_type=code&redirect_uri=http://localhost/exchange_token&approval_prompt=force&scope=activity:read_all